Version: 2.5
       uid  resource                     held              maxheld              barrier                limit              failcnt
      201:  kmemsize                  5726238            102385933            524288000            524288000                    0
            lockedpages                     0                    5                   32                   32                    0
            privvmpages                 45149               254972               250000               270000                   63
            shmpages                      178                 6059                 8192                 8192                    0
            dummy                           0                    0                    0                    0                    0
            numproc                        34                 1000                 1000                 1000                  635
            physpages                   22741               148344                    0  9223372036854775807                    0
            vmguarpages                     0                    0                 6144  9223372036854775807                    0
            oomguarpages                22759               148344                 6144  9223372036854775807                    0
            numtcpsock                     11                   23                  500                  600                    0
            numflock                        7                   19                  100                  110                    0
            numpty                          2                   10                   16                   16                    0
            numsiginfo                      0                  256                  256                  256                 1120
            tcpsndbuf                    2296               208936               319488               524288                    0
            tcprcvbuf                       0               315064               319488               524288                    0
            othersockbuf               146944               399336               400000               500000                  122
            dgramrcvbuf                     0                 9712               132096               132096                    0
            numothersock                   92                  150                  300                  400                   49
            dcachesize                      0                    0              1048576              1097728                    0
            numfile                      1058                10000                10000                12000                 1555
            dummy                           0                    0                    0                    0                    0
            dummy                           0                    0                    0                    0                    0
            dummy                           0                    0                    0                    0                    0
            numiptent                       0                    0                  128                  128                    0
      200:  kmemsize                  8400996              8718782            524288000            524288000                16280
            lockedpages                     0                    5                   32                   32                    0
            privvmpages                179089               269995              1048576              1048576                  182
            shmpages                      193                 1489                 8192                 8192                    0
            dummy                           0                    0                    0                    0                    0
            numproc                       125                  126                 1000                 1000                   30
            physpages                   40637               138564                    0  9223372036854775807                    0
            vmguarpages                     0                    0                 6144  9223372036854775807                    0
            oomguarpages                40779               138777                 6144  9223372036854775807                    0
            numtcpsock                      6                   18                  500                  500                    0
            numflock                        4                   10                  100                  110                    0
            numpty                          1                    4                   16                   16                    0
            numsiginfo                      0                    6                  256                  256                    0
            tcpsndbuf                       0               216672               319488               524288                    0
            tcprcvbuf                       0               328336               319488               524288                    0
            othersockbuf                87536               150480              5242880              5242880                84937
            dgramrcvbuf                     0                10984               132096               132096                    0
            numothersock                  112                  116                 2000                 2000                12632
            dcachesize                      0                    0              1048576              1097728                    0
            numfile                      2240                 2393                10000                10000                    0
            dummy                           0                    0                    0                    0                    0
            dummy                           0                    0                    0                    0                    0
            dummy                           0                    0                    0                    0                    0
            numiptent                       0                    0                  128                  128                    0
        0:  kmemsize                 12893316             14101943  9223372036854775807  9223372036854775807                    0
            lockedpages                     0                    5  9223372036854775807  9223372036854775807                    0
            privvmpages                 73880               310414  9223372036854775807  9223372036854775807                    0
            shmpages                     3853                 3869  9223372036854775807  9223372036854775807                    0
            dummy                           0                    0  9223372036854775807  9223372036854775807                    0
            numproc                       101                  121  9223372036854775807  9223372036854775807                    0
            physpages                   12432               231147  9223372036854775807  9223372036854775807                    0
            vmguarpages                     0                    0  9223372036854775807  9223372036854775807                    0
            oomguarpages                31162               267695  9223372036854775807  9223372036854775807                    0
            numtcpsock                     16                   19  9223372036854775807  9223372036854775807                    0
            numflock                        5                    9  9223372036854775807  9223372036854775807                    0
            numpty                          5                    5  9223372036854775807  9223372036854775807                    0
            numsiginfo                      0                    7  9223372036854775807  9223372036854775807                    0
            tcpsndbuf                  388904               354152  9223372036854775807  9223372036854775807                    0
            tcprcvbuf                  262144               271824  9223372036854775807  9223372036854775807                    0
            othersockbuf               188272               425216  9223372036854775807  9223372036854775807                    0
            dgramrcvbuf                     0                30408  9223372036854775807  9223372036854775807                    0
            numothersock                  126                  143  9223372036854775807  9223372036854775807                    0
            dcachesize                      0                    0  9223372036854775807  9223372036854775807                    0
            numfile                      3177                 3318  9223372036854775807  9223372036854775807                    0
            dummy                           0                    0  9223372036854775807  9223372036854775807                    0
            dummy                           0                    0  9223372036854775807  9223372036854775807                    0
            dummy                           0                    0  9223372036854775807  9223372036854775807                    0
            numiptent                      10                   10  9223372036854775807  9223372036854775807                    0
